package com.javarush.task.task04.task0434;

/* 
Таблица умножения
*/

public class Solution {
  public static void main(String[] args) {
    //напишите тут ваш код
    String a = "1 2 3 4 5 6 7 8 9 10";
    String b = "2 4 6 8 10 12 14 16 18 20";
    String c = "3 6 9 12 15 18 21 24 27 30";
    String d = "4 8 12 16 20 24 28 32 36 40";
    String e = "5 10 15 20 25 30 35 40 45 50";
    String f = "6 12 18 24 30 36 42 48 54 60";
    String g = "7 14 21 28 35 42 49 56 63 70";
    String h = "8 16 24 32 40 48 56 64 72 80";
    String i = "9 18 27 36 45 54 63 72 81 90";
    String j = "10 20 30 40 50 60 70 80 90 100";
    int countString = 0;

    while (countString < 1) {


      System.out.println(a);
      System.out.println(b);
      System.out.println(c);
      System.out.println(d);
      System.out.println(e);
      System.out.println(f);
      System.out.println(g);
      System.out.println(h);
      System.out.println(i);
      System.out.println(j);
      countString++;
    }
  }
}
